17
XOR XOR 648 277
AND AND 520 453
AND AND 520 549
OR OR 648 501
NOT NOT 344 437
NOT NOT 344 565
SWITCH Switch 216 437
SWITCH Switch 216 565
SWITCH Switch 216 245
SWITCH Switch 216 309
LED LED 760 261
LED LED 760 485
XOR3  XOR3 1096 421
SWITCH Switch 920 373
SWITCH Switch 920 421
SWITCH Switch 920 469
LED LED 1224 405
Connections
664 497 750 496
685 277 743 276
232 244 616 256
231 307 629 289
219 435 331 436
212 571 310 562
376 436 501 432
375 562 502 562
234 436 510 533
222 566 514 464
559 453 641 489
512 555 640 510
933 371 1058 408
937 468 1068 434
937 422 1064 419
1104 425 1211 421
-1
